1.000 1.000 1.000 1.000 1.000 1.000 1.000 1.000 1.000 1.000 1.000 1.000
0.073 0.076 0.073 0.080 0.080 0.079 0.131 0.098 0.073 0.077 0.077 0.085
0.077 0.080 0.077 0.084 0.084 0.083 0.088 0.096 0.077 0.081 0.081 0.089
0.077 0.080 0.077 0.084 0.084 0.083 0.088 0.096 0.077 0.081 0.081 0.089
0.077 0.080 0.077 0.084 0.084 0.083 0.088 0.096 0.077 0.081 0.081 0.089
0.077 0.080 0.077 0.084 0.084 0.083 0.088 0.096 0.077 0.081 0.081 0.089
0.077 0.080 0.077 0.084 0.084 0.083 0.088 0.096 0.077 0.081 0.081 0.089
0.077 0.080 0.077 0.084 0.084 0.083 0.088 0.096 0.077 0.081 0.081 0.089
0.077 0.080 0.077 0.084 0.084 0.083 0.088 0.096 0.077 0.081 0.081 0.089
0.077 0.080 0.077 0.084 0.084 0.083 0.088 0.096 0.077 0.081 0.081 0.089
0.077 0.080 0.077 0.084 0.084 0.083 0.088 0.096 0.077 0.081 0.081 0.089
0.077 0.080 0.077 0.084 0.084 0.083 0.088 0.096 0.077 0.081 0.081 0.089
0.077 0.080 0.077 0.084 0.084 0.083 0.088 0.096 0.077 0.081 0.081 0.089
0.077 0.080 0.077 0.084 0.084 0.083 0.088 0.096 0.077 0.081 0.081 0.089
0.077 0.080 0.077 0.084 0.084 0.083 0.088 0.096 0.077 0.081 0.081 0.089
0.077 0.080 0.077 0.084 0.084 0.083 0.088 0.096 0.077 0.081 0.081 0.089
0.077 0.080 0.077 0.084 0.084 0.083 0.088 0.096 0.077 0.081 0.081 0.089
0.077 0.080 0.077 0.084 0.084 0.083 0.088 0.096 0.077 0.081 0.081 0.089
0.077 0.080 0.077 0.084 0.084 0.083 0.088 0.096 0.077 0.081 0.081 0.089
0.077 0.080 0.077 0.084 0.084 0.083 0.088 0.096 0.077 0.081 0.081 0.089
0.077 0.080 0.077 0.084 0.084 0.083 0.088 0.096 0.077 0.081 0.081 0.089
0.077 0.080 0.077 0.084 0.084 0.083 0.088 0.096 0.077 0.081 0.081 0.089
0.077 0.080 0.077 0.084 0.084 0.083 0.088 0.096 0.077 0.081 0.081 0.089
0.077 0.080 0.077 0.084 0.084 0.083 0.088 0.096 0.077 0.081 0.081 0.089
0.077 0.080 0.077 0.084 0.084 0.083 0.088 0.096 0.077 0.081 0.081 0.089
0.077 0.080 0.077 0.084 0.084 0.083 0.088 0.096 0.077 0.081 0.081 0.089
0.077 0.080 0.077 0.084 0.084 0.083 0.088 0.096 0.077 0.081 0.081 0.089
0.077 0.080 0.077 0.084 0.084 0.083 0.088 0.096 0.077 0.081 0.081 0.089
0.077 0.080 0.077 0.084 0.084 0.083 0.088 0.096 0.077 0.081 0.081 0.089
0.077 0.080 0.077 0.084 0.084 0.083 0.088 0.096 0.077 0.081 0.081 0.089
0.077 0.080 0.077 0.084 0.084 0.083 0.088 0.096 0.077 0.081 0.081 0.089
0.077 0.080 0.077 0.084 0.084 0.083 0.088 0.096 0.077 0.081 0.081 0.089
0.077 0.080 0.077 0.084 0.084 0.083 0.088 0.096 0.077 0.081 0.081 0.089
0.077 0.080 0.077 0.084 0.084 0.083 0.088 0.096 0.077 0.081 0.081 0.089
0.077 0.080 0.077 0.084 0.084 0.083 0.088 0.096 0.077 0.081 0.081 0.089
0.077 0.080 0.077 0.084 0.084 0.083 0.088 0.096 0.077 0.081 0.081 0.089
0.077 0.080 0.077 0.084 0.084 0.083 0.088 0.096 0.077 0.081 0.081 0.089
0.077 0.080 0.077 0.084 0.084 0.083 0.088 0.096 0.077 0.081 0.081 0.089
0.077 0.080 0.077 0.084 0.084 0.083 0.088 0.096 0.077 0.081 0.081 0.089
0.077 0.080 0.077 0.084 0.084 0.083 0.088 0.096 0.077 0.081 0.081 0.089
0.077 0.080 0.077 0.084 0.084 0.083 0.088 0.096 0.077 0.081 0.081 0.089
0.077 0.080 0.077 0.084 0.084 0.083 0.088 0.096 0.077 0.081 0.081 0.089
0.077 0.080 0.077 0.084 0.084 0.083 0.088 0.096 0.077 0.081 0.081 0.089
0.077 0.080 0.077 0.084 0.084 0.083 0.088 0.096 0.077 0.081 0.081 0.089
0.077 0.080 0.077 0.084 0.084 0.083 0.088 0.096 0.077 0.081 0.081 0.089
0.077 0.080 0.077 0.084 0.084 0.083 0.088 0.096 0.077 0.081 0.081 0.089
0.077 0.080 0.077 0.084 0.084 0.083 0.088 0.096 0.077 0.081 0.081 0.089
0.077 0.080 0.077 0.084 0.084 0.083 0.088 0.096 0.077 0.081 0.081 0.089
0.077 0.080 0.077 0.084 0.084 0.083 0.088 0.096 0.077 0.081 0.081 0.089
0.077 0.080 0.077 0.084 0.084 0.083 0.088 0.096 0.077 0.081 0.081 0.089
0.077 0.080 0.077 0.084 0.084 0.083 0.088 0.096 0.077 0.081 0.081 0.089
0.077 0.080 0.077 0.084 0.084 0.083 0.088 0.096 0.077 0.081 0.081 0.089
0.077 0.080 0.077 0.084 0.084 0.083 0.088 0.096 0.077 0.081 0.081 0.089
0.077 0.080 0.077 0.084 0.084 0.083 0.088 0.096 0.077 0.081 0.081 0.089
0.077 0.080 0.077 0.084 0.084 0.083 0.088 0.096 0.077 0.081 0.081 0.089
0.077 0.080 0.077 0.084 0.084 0.083 0.088 0.096 0.077 0.081 0.081 0.089
0.077 0.080 0.077 0.084 0.084 0.083 0.088 0.096 0.077 0.081 0.081 0.089
0.077 0.080 0.077 0.084 0.084 0.083 0.088 0.096 0.077 0.081 0.081 0.089
0.077 0.080 0.077 0.084 0.084 0.083 0.088 0.096 0.077 0.081 0.081 0.089
0.077 0.080 0.077 0.084 0.084 0.083 0.088 0.096 0.077 0.081 0.081 0.089
0.077 0.080 0.077 0.084 0.084 0.083 0.088 0.096 0.077 0.081 0.081 0.089
0.077 0.080 0.077 0.084 0.084 0.083 0.088 0.096 0.077 0.081 0.081 0.089
0.077 0.080 0.077 0.084 0.084 0.083 0.088 0.096 0.077 0.081 0.081 0.089
0.077 0.080 0.077 0.084 0.084 0.083 0.088 0.096 0.077 0.081 0.081 0.089
0.077 0.080 0.077 0.084 0.084 0.083 0.088 0.096 0.077 0.081 0.081 0.089
0.077 0.080 0.077 0.084 0.084 0.083 0.088 0.096 0.077 0.081 0.081 0.089
0.077 0.080 0.077 0.084 0.084 0.083 0.088 0.096 0.077 0.081 0.081 0.089
0.077 0.080 0.077 0.084 0.084 0.083 0.088 0.096 0.077 0.081 0.081 0.089
0.077 0.080 0.077 0.084 0.084 0.083 0.088 0.096 0.077 0.081 0.081 0.089
0.077 0.080 0.077 0.084 0.084 0.083 0.088 0.096 0.077 0.081 0.081 0.089
0.077 0.080 0.077 0.084 0.084 0.083 0.088 0.096 0.077 0.081 0.081 0.089
0.077 0.080 0.077 0.084 0.084 0.083 0.088 0.096 0.077 0.081 0.081 0.089
0.077 0.080 0.077 0.084 0.084 0.083 0.088 0.096 0.077 0.081 0.081 0.089
0.077 0.080 0.077 0.084 0.084 0.083 0.088 0.096 0.077 0.081 0.081 0.089
0.077 0.080 0.077 0.084 0.084 0.083 0.088 0.096 0.077 0.081 0.081 0.089
0.077 0.080 0.077 0.084 0.084 0.083 0.088 0.096 0.077 0.081 0.081 0.089
0.077 0.080 0.077 0.084 0.084 0.083 0.088 0.096 0.077 0.081 0.081 0.089
0.077 0.080 0.077 0.084 0.084 0.083 0.088 0.096 0.077 0.081 0.081 0.089
0.077 0.080 0.077 0.084 0.084 0.083 0.088 0.096 0.077 0.081 0.081 0.089
0.077 0.080 0.077 0.084 0.084 0.083 0.088 0.096 0.077 0.081 0.081 0.089
0.077 0.080 0.077 0.084 0.084 0.083 0.088 0.096 0.077 0.081 0.081 0.089
0.077 0.080 0.077 0.084 0.084 0.083 0.088 0.096 0.077 0.081 0.081 0.089
0.077 0.080 0.077 0.084 0.084 0.083 0.088 0.096 0.077 0.081 0.081 0.089
0.077 0.080 0.077 0.084 0.084 0.083 0.088 0.096 0.077 0.081 0.081 0.089
0.077 0.080 0.077 0.084 0.084 0.083 0.088 0.096 0.077 0.081 0.081 0.089
0.077 0.080 0.077 0.084 0.084 0.083 0.088 0.096 0.077 0.081 0.081 0.089
0.077 0.080 0.077 0.084 0.084 0.083 0.088 0.096 0.077 0.081 0.081 0.089
0.077 0.080 0.077 0.084 0.084 0.083 0.088 0.096 0.077 0.081 0.081 0.089
0.077 0.080 0.077 0.084 0.084 0.083 0.088 0.096 0.077 0.081 0.081 0.089
0.077 0.080 0.077 0.084 0.084 0.083 0.088 0.096 0.077 0.081 0.081 0.089
0.077 0.080 0.077 0.084 0.084 0.083 0.088 0.096 0.077 0.081 0.081 0.089
0.077 0.080 0.077 0.084 0.084 0.083 0.088 0.096 0.077 0.081 0.081 0.089
0.077 0.080 0.077 0.084 0.084 0.083 0.088 0.096 0.077 0.081 0.081 0.089
0.077 0.080 0.077 0.084 0.084 0.083 0.088 0.096 0.077 0.081 0.081 0.089
0.077 0.080 0.077 0.084 0.084 0.083 0.088 0.096 0.077 0.081 0.081 0.089
0.077 0.080 0.077 0.084 0.084 0.083 0.088 0.096 0.077 0.081 0.081 0.089
0.077 0.080 0.077 0.084 0.084 0.083 0.088 0.096 0.077 0.081 0.081 0.089
0.077 0.080 0.077 0.084 0.084 0.083 0.088 0.096 0.077 0.081 0.081 0.089
0.077 0.080 0.077 0.084 0.084 0.083 0.088 0.096 0.077 0.081 0.081 0.089
0.077 0.080 0.077 0.084 0.084 0.083 0.088 0.096 0.077 0.081 0.081 0.089
