1.000 1.000 1.000 1.000 1.000 1.000 1.000 1.000 1.000 1.000 1.000 1.000
0.235 0.206 0.294 0.000 0.000 0.000 0.088 0.000 0.147 0.029 0.000 0.000
0.250 0.218 0.315 0.000 0.000 0.000 0.085 0.000 0.129 0.004 0.000 0.000
0.255 0.219 0.318 0.000 0.000 0.000 0.086 0.000 0.121 0.001 0.000 0.000
0.257 0.219 0.319 0.000 0.000 0.000 0.086 0.000 0.118 0.000 0.000 0.000
0.258 0.219 0.319 0.000 0.000 0.000 0.087 0.000 0.117 0.000 0.000 0.000
0.259 0.219 0.319 0.000 0.000 0.000 0.087 0.000 0.116 0.000 0.000 0.000
0.259 0.219 0.319 0.000 0.000 0.000 0.087 0.000 0.116 0.000 0.000 0.000
0.259 0.219 0.319 0.000 0.000 0.000 0.087 0.000 0.116 0.000 0.000 0.000
0.259 0.219 0.319 0.000 0.000 0.000 0.087 0.000 0.116 0.000 0.000 0.000
0.259 0.219 0.319 0.000 0.000 0.000 0.087 0.000 0.116 0.000 0.000 0.000
0.259 0.219 0.319 0.000 0.000 0.000 0.087 0.000 0.116 0.000 0.000 0.000
0.259 0.219 0.319 0.000 0.000 0.000 0.087 0.000 0.116 0.000 0.000 0.000
0.259 0.219 0.319 0.000 0.000 0.000 0.087 0.000 0.116 0.000 0.000 0.000
0.259 0.219 0.319 0.000 0.000 0.000 0.087 0.000 0.116 0.000 0.000 0.000
0.259 0.219 0.319 0.000 0.000 0.000 0.087 0.000 0.116 0.000 0.000 0.000
0.259 0.219 0.319 0.000 0.000 0.000 0.087 0.000 0.116 0.000 0.000 0.000
0.259 0.219 0.319 0.000 0.000 0.000 0.087 0.000 0.116 0.000 0.000 0.000
0.259 0.219 0.319 0.000 0.000 0.000 0.087 0.000 0.116 0.000 0.000 0.000
0.259 0.219 0.319 0.000 0.000 0.000 0.087 0.000 0.116 0.000 0.000 0.000
0.259 0.219 0.319 0.000 0.000 0.000 0.087 0.000 0.116 0.000 0.000 0.000
0.259 0.219 0.319 0.000 0.000 0.000 0.087 0.000 0.116 0.000 0.000 0.000
0.259 0.219 0.319 0.000 0.000 0.000 0.087 0.000 0.116 0.000 0.000 0.000
0.259 0.219 0.319 0.000 0.000 0.000 0.087 0.000 0.116 0.000 0.000 0.000
0.259 0.219 0.319 0.000 0.000 0.000 0.087 0.000 0.116 0.000 0.000 0.000
0.259 0.219 0.319 0.000 0.000 0.000 0.087 0.000 0.116 0.000 0.000 0.000
0.259 0.219 0.319 0.000 0.000 0.000 0.087 0.000 0.116 0.000 0.000 0.000
0.259 0.219 0.319 0.000 0.000 0.000 0.087 0.000 0.116 0.000 0.000 0.000
0.259 0.219 0.319 0.000 0.000 0.000 0.087 0.000 0.116 0.000 0.000 0.000
0.259 0.219 0.319 0.000 0.000 0.000 0.087 0.000 0.116 0.000 0.000 0.000
0.259 0.219 0.319 0.000 0.000 0.000 0.087 0.000 0.116 0.000 0.000 0.000
0.259 0.219 0.319 0.000 0.000 0.000 0.087 0.000 0.116 0.000 0.000 0.000
0.259 0.219 0.319 0.000 0.000 0.000 0.087 0.000 0.116 0.000 0.000 0.000
0.259 0.219 0.319 0.000 0.000 0.000 0.087 0.000 0.116 0.000 0.000 0.000
0.259 0.219 0.319 0.000 0.000 0.000 0.087 0.000 0.116 0.000 0.000 0.000
0.259 0.219 0.319 0.000 0.000 0.000 0.087 0.000 0.116 0.000 0.000 0.000
0.259 0.219 0.319 0.000 0.000 0.000 0.087 0.000 0.116 0.000 0.000 0.000
0.259 0.219 0.319 0.000 0.000 0.000 0.087 0.000 0.116 0.000 0.000 0.000
0.259 0.219 0.319 0.000 0.000 0.000 0.087 0.000 0.116 0.000 0.000 0.000
0.259 0.219 0.319 0.000 0.000 0.000 0.087 0.000 0.116 0.000 0.000 0.000
0.259 0.219 0.319 0.000 0.000 0.000 0.087 0.000 0.116 0.000 0.000 0.000
0.259 0.219 0.319 0.000 0.000 0.000 0.087 0.000 0.116 0.000 0.000 0.000
0.259 0.219 0.319 0.000 0.000 0.000 0.087 0.000 0.116 0.000 0.000 0.000
0.259 0.219 0.319 0.000 0.000 0.000 0.087 0.000 0.116 0.000 0.000 0.000
0.259 0.219 0.319 0.000 0.000 0.000 0.087 0.000 0.116 0.000 0.000 0.000
0.259 0.219 0.319 0.000 0.000 0.000 0.087 0.000 0.116 0.000 0.000 0.000
0.259 0.219 0.319 0.000 0.000 0.000 0.087 0.000 0.116 0.000 0.000 0.000
0.259 0.219 0.319 0.000 0.000 0.000 0.087 0.000 0.116 0.000 0.000 0.000
0.259 0.219 0.319 0.000 0.000 0.000 0.087 0.000 0.116 0.000 0.000 0.000
0.259 0.219 0.319 0.000 0.000 0.000 0.087 0.000 0.116 0.000 0.000 0.000
0.259 0.219 0.319 0.000 0.000 0.000 0.087 0.000 0.116 0.000 0.000 0.000
0.259 0.219 0.319 0.000 0.000 0.000 0.087 0.000 0.116 0.000 0.000 0.000
0.259 0.219 0.319 0.000 0.000 0.000 0.087 0.000 0.116 0.000 0.000 0.000
0.259 0.219 0.319 0.000 0.000 0.000 0.087 0.000 0.116 0.000 0.000 0.000
0.259 0.219 0.319 0.000 0.000 0.000 0.087 0.000 0.116 0.000 0.000 0.000
0.259 0.219 0.319 0.000 0.000 0.000 0.087 0.000 0.116 0.000 0.000 0.000
0.259 0.219 0.319 0.000 0.000 0.000 0.087 0.000 0.116 0.000 0.000 0.000
0.259 0.219 0.319 0.000 0.000 0.000 0.087 0.000 0.116 0.000 0.000 0.000
0.259 0.219 0.319 0.000 0.000 0.000 0.087 0.000 0.116 0.000 0.000 0.000
0.259 0.219 0.319 0.000 0.000 0.000 0.087 0.000 0.116 0.000 0.000 0.000
0.259 0.219 0.319 0.000 0.000 0.000 0.087 0.000 0.116 0.000 0.000 0.000
0.259 0.219 0.319 0.000 0.000 0.000 0.087 0.000 0.116 0.000 0.000 0.000
0.259 0.219 0.319 0.000 0.000 0.000 0.087 0.000 0.116 0.000 0.000 0.000
0.259 0.219 0.319 0.000 0.000 0.000 0.087 0.000 0.116 0.000 0.000 0.000
0.259 0.219 0.319 0.000 0.000 0.000 0.087 0.000 0.116 0.000 0.000 0.000
0.259 0.219 0.319 0.000 0.000 0.000 0.087 0.000 0.116 0.000 0.000 0.000
0.259 0.219 0.319 0.000 0.000 0.000 0.087 0.000 0.116 0.000 0.000 0.000
0.259 0.219 0.319 0.000 0.000 0.000 0.087 0.000 0.116 0.000 0.000 0.000
0.259 0.219 0.319 0.000 0.000 0.000 0.087 0.000 0.116 0.000 0.000 0.000
0.259 0.219 0.319 0.000 0.000 0.000 0.087 0.000 0.116 0.000 0.000 0.000
0.259 0.219 0.319 0.000 0.000 0.000 0.087 0.000 0.116 0.000 0.000 0.000
0.259 0.219 0.319 0.000 0.000 0.000 0.087 0.000 0.116 0.000 0.000 0.000
0.259 0.219 0.319 0.000 0.000 0.000 0.087 0.000 0.116 0.000 0.000 0.000
0.259 0.219 0.319 0.000 0.000 0.000 0.087 0.000 0.116 0.000 0.000 0.000
0.259 0.219 0.319 0.000 0.000 0.000 0.087 0.000 0.116 0.000 0.000 0.000
0.259 0.219 0.319 0.000 0.000 0.000 0.087 0.000 0.116 0.000 0.000 0.000
0.259 0.219 0.319 0.000 0.000 0.000 0.087 0.000 0.116 0.000 0.000 0.000
0.259 0.219 0.319 0.000 0.000 0.000 0.087 0.000 0.116 0.000 0.000 0.000
0.259 0.219 0.319 0.000 0.000 0.000 0.087 0.000 0.116 0.000 0.000 0.000
0.259 0.219 0.319 0.000 0.000 0.000 0.087 0.000 0.116 0.000 0.000 0.000
0.259 0.219 0.319 0.000 0.000 0.000 0.087 0.000 0.116 0.000 0.000 0.000
0.259 0.219 0.319 0.000 0.000 0.000 0.087 0.000 0.116 0.000 0.000 0.000
0.259 0.219 0.319 0.000 0.000 0.000 0.087 0.000 0.116 0.000 0.000 0.000
0.259 0.219 0.319 0.000 0.000 0.000 0.087 0.000 0.116 0.000 0.000 0.000
0.259 0.219 0.319 0.000 0.000 0.000 0.087 0.000 0.116 0.000 0.000 0.000
0.259 0.219 0.319 0.000 0.000 0.000 0.087 0.000 0.116 0.000 0.000 0.000
0.259 0.219 0.319 0.000 0.000 0.000 0.087 0.000 0.116 0.000 0.000 0.000
0.259 0.219 0.319 0.000 0.000 0.000 0.087 0.000 0.116 0.000 0.000 0.000
0.259 0.219 0.319 0.000 0.000 0.000 0.087 0.000 0.116 0.000 0.000 0.000
0.259 0.219 0.319 0.000 0.000 0.000 0.087 0.000 0.116 0.000 0.000 0.000
0.259 0.219 0.319 0.000 0.000 0.000 0.087 0.000 0.116 0.000 0.000 0.000
0.259 0.219 0.319 0.000 0.000 0.000 0.087 0.000 0.116 0.000 0.000 0.000
0.259 0.219 0.319 0.000 0.000 0.000 0.087 0.000 0.116 0.000 0.000 0.000
0.259 0.219 0.319 0.000 0.000 0.000 0.087 0.000 0.116 0.000 0.000 0.000
0.259 0.219 0.319 0.000 0.000 0.000 0.087 0.000 0.116 0.000 0.000 0.000
0.259 0.219 0.319 0.000 0.000 0.000 0.087 0.000 0.116 0.000 0.000 0.000
0.259 0.219 0.319 0.000 0.000 0.000 0.087 0.000 0.116 0.000 0.000 0.000
0.259 0.219 0.319 0.000 0.000 0.000 0.087 0.000 0.116 0.000 0.000 0.000
0.259 0.219 0.319 0.000 0.000 0.000 0.087 0.000 0.116 0.000 0.000 0.000
0.259 0.219 0.319 0.000 0.000 0.000 0.087 0.000 0.116 0.000 0.000 0.000
