1.000 1.000 1.000 1.000 1.000 1.000 1.000 1.000 1.000 1.000 1.000 1.000
0.000 0.062 0.000 0.125 0.125 0.125 0.188 0.188 0.000 0.062 0.062 0.062
0.000 0.071 0.000 0.134 0.152 0.161 0.196 0.188 0.000 0.045 0.045 0.009
0.000 0.074 0.000 0.138 0.157 0.167 0.195 0.192 0.000 0.038 0.038 0.001
0.000 0.075 0.000 0.140 0.158 0.168 0.194 0.194 0.000 0.036 0.036 0.000
0.000 0.076 0.000 0.140 0.158 0.169 0.193 0.195 0.000 0.035 0.035 0.000
0.000 0.076 0.000 0.140 0.158 0.170 0.192 0.195 0.000 0.034 0.034 0.000
0.000 0.076 0.000 0.140 0.158 0.170 0.192 0.195 0.000 0.034 0.034 0.000
0.000 0.076 0.000 0.140 0.158 0.170 0.192 0.195 0.000 0.034 0.034 0.000
0.000 0.076 0.000 0.140 0.158 0.170 0.192 0.195 0.000 0.034 0.034 0.000
0.000 0.076 0.000 0.140 0.158 0.170 0.192 0.195 0.000 0.034 0.034 0.000
0.000 0.076 0.000 0.140 0.158 0.170 0.192 0.195 0.000 0.034 0.034 0.000
0.000 0.076 0.000 0.140 0.158 0.170 0.192 0.196 0.000 0.034 0.034 0.000
0.000 0.076 0.000 0.140 0.158 0.170 0.192 0.196 0.000 0.034 0.034 0.000
0.000 0.076 0.000 0.140 0.158 0.170 0.192 0.196 0.000 0.034 0.034 0.000
0.000 0.076 0.000 0.140 0.158 0.170 0.192 0.196 0.000 0.034 0.034 0.000
0.000 0.076 0.000 0.140 0.158 0.170 0.192 0.196 0.000 0.034 0.034 0.000
0.000 0.076 0.000 0.140 0.158 0.170 0.192 0.196 0.000 0.034 0.034 0.000
0.000 0.076 0.000 0.140 0.158 0.170 0.192 0.196 0.000 0.034 0.034 0.000
0.000 0.076 0.000 0.140 0.158 0.170 0.192 0.196 0.000 0.034 0.034 0.000
0.000 0.076 0.000 0.140 0.158 0.170 0.192 0.196 0.000 0.034 0.034 0.000
0.000 0.076 0.000 0.140 0.158 0.170 0.192 0.196 0.000 0.034 0.034 0.000
0.000 0.076 0.000 0.140 0.158 0.170 0.192 0.196 0.000 0.034 0.034 0.000
0.000 0.076 0.000 0.140 0.158 0.170 0.192 0.196 0.000 0.034 0.034 0.000
0.000 0.076 0.000 0.140 0.158 0.170 0.192 0.196 0.000 0.034 0.034 0.000
0.000 0.076 0.000 0.140 0.158 0.170 0.192 0.196 0.000 0.034 0.034 0.000
0.000 0.076 0.000 0.140 0.158 0.170 0.192 0.196 0.000 0.034 0.034 0.000
0.000 0.076 0.000 0.140 0.158 0.170 0.192 0.196 0.000 0.034 0.034 0.000
0.000 0.076 0.000 0.140 0.158 0.170 0.192 0.196 0.000 0.034 0.034 0.000
0.000 0.076 0.000 0.140 0.158 0.170 0.192 0.196 0.000 0.034 0.034 0.000
0.000 0.076 0.000 0.140 0.158 0.170 0.192 0.196 0.000 0.034 0.034 0.000
0.000 0.076 0.000 0.140 0.158 0.170 0.192 0.196 0.000 0.034 0.034 0.000
0.000 0.076 0.000 0.140 0.158 0.170 0.192 0.196 0.000 0.034 0.034 0.000
0.000 0.076 0.000 0.140 0.158 0.170 0.192 0.196 0.000 0.034 0.034 0.000
0.000 0.076 0.000 0.140 0.158 0.170 0.192 0.196 0.000 0.034 0.034 0.000
0.000 0.076 0.000 0.140 0.158 0.170 0.192 0.196 0.000 0.034 0.034 0.000
0.000 0.076 0.000 0.140 0.158 0.170 0.192 0.196 0.000 0.034 0.034 0.000
0.000 0.076 0.000 0.140 0.158 0.170 0.192 0.196 0.000 0.034 0.034 0.000
0.000 0.076 0.000 0.140 0.158 0.170 0.192 0.196 0.000 0.034 0.034 0.000
0.000 0.076 0.000 0.140 0.158 0.170 0.192 0.196 0.000 0.034 0.034 0.000
0.000 0.076 0.000 0.140 0.158 0.170 0.192 0.196 0.000 0.034 0.034 0.000
0.000 0.076 0.000 0.140 0.158 0.170 0.192 0.196 0.000 0.034 0.034 0.000
0.000 0.076 0.000 0.140 0.158 0.170 0.192 0.196 0.000 0.034 0.034 0.000
0.000 0.076 0.000 0.140 0.158 0.170 0.192 0.196 0.000 0.034 0.034 0.000
0.000 0.076 0.000 0.140 0.158 0.170 0.192 0.196 0.000 0.034 0.034 0.000
0.000 0.076 0.000 0.140 0.158 0.170 0.192 0.196 0.000 0.034 0.034 0.000
0.000 0.076 0.000 0.140 0.158 0.170 0.192 0.196 0.000 0.034 0.034 0.000
0.000 0.076 0.000 0.140 0.158 0.170 0.192 0.196 0.000 0.034 0.034 0.000
0.000 0.076 0.000 0.140 0.158 0.170 0.192 0.196 0.000 0.034 0.034 0.000
0.000 0.076 0.000 0.140 0.158 0.170 0.192 0.196 0.000 0.034 0.034 0.000
0.000 0.076 0.000 0.140 0.158 0.170 0.192 0.196 0.000 0.034 0.034 0.000
0.000 0.076 0.000 0.140 0.158 0.170 0.192 0.196 0.000 0.034 0.034 0.000
0.000 0.076 0.000 0.140 0.158 0.170 0.192 0.196 0.000 0.034 0.034 0.000
0.000 0.076 0.000 0.140 0.158 0.170 0.192 0.196 0.000 0.034 0.034 0.000
0.000 0.076 0.000 0.140 0.158 0.170 0.192 0.196 0.000 0.034 0.034 0.000
0.000 0.076 0.000 0.140 0.158 0.170 0.192 0.196 0.000 0.034 0.034 0.000
0.000 0.076 0.000 0.140 0.158 0.170 0.192 0.196 0.000 0.034 0.034 0.000
0.000 0.076 0.000 0.140 0.158 0.170 0.192 0.196 0.000 0.034 0.034 0.000
0.000 0.076 0.000 0.140 0.158 0.170 0.192 0.196 0.000 0.034 0.034 0.000
0.000 0.076 0.000 0.140 0.158 0.170 0.192 0.196 0.000 0.034 0.034 0.000
0.000 0.076 0.000 0.140 0.158 0.170 0.192 0.196 0.000 0.034 0.034 0.000
0.000 0.076 0.000 0.140 0.158 0.170 0.192 0.196 0.000 0.034 0.034 0.000
0.000 0.076 0.000 0.140 0.158 0.170 0.192 0.196 0.000 0.034 0.034 0.000
0.000 0.076 0.000 0.140 0.158 0.170 0.192 0.196 0.000 0.034 0.034 0.000
0.000 0.076 0.000 0.140 0.158 0.170 0.192 0.196 0.000 0.034 0.034 0.000
0.000 0.076 0.000 0.140 0.158 0.170 0.192 0.196 0.000 0.034 0.034 0.000
0.000 0.076 0.000 0.140 0.158 0.170 0.192 0.196 0.000 0.034 0.034 0.000
0.000 0.076 0.000 0.140 0.158 0.170 0.192 0.196 0.000 0.034 0.034 0.000
0.000 0.076 0.000 0.140 0.158 0.170 0.192 0.196 0.000 0.034 0.034 0.000
0.000 0.076 0.000 0.140 0.158 0.170 0.192 0.196 0.000 0.034 0.034 0.000
0.000 0.076 0.000 0.140 0.158 0.170 0.192 0.196 0.000 0.034 0.034 0.000
0.000 0.076 0.000 0.140 0.158 0.170 0.192 0.196 0.000 0.034 0.034 0.000
0.000 0.076 0.000 0.140 0.158 0.170 0.192 0.196 0.000 0.034 0.034 0.000
0.000 0.076 0.000 0.140 0.158 0.170 0.192 0.196 0.000 0.034 0.034 0.000
0.000 0.076 0.000 0.140 0.158 0.170 0.192 0.196 0.000 0.034 0.034 0.000
0.000 0.076 0.000 0.140 0.158 0.170 0.192 0.196 0.000 0.034 0.034 0.000
0.000 0.076 0.000 0.140 0.158 0.170 0.192 0.196 0.000 0.034 0.034 0.000
0.000 0.076 0.000 0.140 0.158 0.170 0.192 0.196 0.000 0.034 0.034 0.000
0.000 0.076 0.000 0.140 0.158 0.170 0.192 0.196 0.000 0.034 0.034 0.000
0.000 0.076 0.000 0.140 0.158 0.170 0.192 0.196 0.000 0.034 0.034 0.000
0.000 0.076 0.000 0.140 0.158 0.170 0.192 0.196 0.000 0.034 0.034 0.000
0.000 0.076 0.000 0.140 0.158 0.170 0.192 0.196 0.000 0.034 0.034 0.000
0.000 0.076 0.000 0.140 0.158 0.170 0.192 0.196 0.000 0.034 0.034 0.000
0.000 0.076 0.000 0.140 0.158 0.170 0.192 0.196 0.000 0.034 0.034 0.000
0.000 0.076 0.000 0.140 0.158 0.170 0.192 0.196 0.000 0.034 0.034 0.000
0.000 0.076 0.000 0.140 0.158 0.170 0.192 0.196 0.000 0.034 0.034 0.000
0.000 0.076 0.000 0.140 0.158 0.170 0.192 0.196 0.000 0.034 0.034 0.000
0.000 0.076 0.000 0.140 0.158 0.170 0.192 0.196 0.000 0.034 0.034 0.000
0.000 0.076 0.000 0.140 0.158 0.170 0.192 0.196 0.000 0.034 0.034 0.000
0.000 0.076 0.000 0.140 0.158 0.170 0.192 0.196 0.000 0.034 0.034 0.000
0.000 0.076 0.000 0.140 0.158 0.170 0.192 0.196 0.000 0.034 0.034 0.000
0.000 0.076 0.000 0.140 0.158 0.170 0.192 0.196 0.000 0.034 0.034 0.000
0.000 0.076 0.000 0.140 0.158 0.170 0.192 0.196 0.000 0.034 0.034 0.000
0.000 0.076 0.000 0.140 0.158 0.170 0.192 0.196 0.000 0.034 0.034 0.000
0.000 0.076 0.000 0.140 0.158 0.170 0.192 0.196 0.000 0.034 0.034 0.000
0.000 0.076 0.000 0.140 0.158 0.170 0.192 0.196 0.000 0.034 0.034 0.000
0.000 0.076 0.000 0.140 0.158 0.170 0.192 0.196 0.000 0.034 0.034 0.000
0.000 0.076 0.000 0.140 0.158 0.170 0.192 0.196 0.000 0.034 0.034 0.000
0.000 0.076 0.000 0.140 0.158 0.170 0.192 0.196 0.000 0.034 0.034 0.000
0.000 0.076 0.000 0.140 0.158 0.170 0.192 0.196 0.000 0.034 0.034 0.000
