1.000 1.000 1.000 1.000 1.000 1.000 1.000 1.000 1.000 1.000 1.000 1.000 1.000 1.000 1.000 1.000
0.124 0.103 0.072 0.052 0.041 0.041 0.072 0.093 0.072 0.000 0.072 0.082 0.062 0.052 0.062 0.000
0.130 0.097 0.077 0.038 0.031 0.031 0.077 0.101 0.077 0.000 0.077 0.088 0.061 0.053 0.061 0.000
0.133 0.090 0.081 0.030 0.026 0.026 0.081 0.107 0.081 0.000 0.081 0.092 0.060 0.052 0.060 0.000
0.135 0.084 0.084 0.026 0.022 0.022 0.084 0.112 0.084 0.000 0.084 0.096 0.058 0.051 0.058 0.000
0.136 0.079 0.087 0.023 0.020 0.020 0.087 0.115 0.087 0.000 0.087 0.099 0.057 0.049 0.057 0.000
0.136 0.076 0.088 0.021 0.018 0.018 0.088 0.118 0.088 0.000 0.088 0.101 0.055 0.048 0.055 0.000
0.137 0.073 0.090 0.019 0.017 0.017 0.090 0.120 0.090 0.000 0.090 0.103 0.054 0.047 0.054 0.000
0.137 0.072 0.091 0.018 0.016 0.016 0.091 0.121 0.091 0.000 0.091 0.104 0.053 0.046 0.053 0.000
0.137 0.070 0.092 0.018 0.015 0.015 0.092 0.122 0.092 0.000 0.092 0.105 0.052 0.046 0.052 0.000
0.137 0.069 0.092 0.017 0.015 0.015 0.092 0.123 0.092 0.000 0.092 0.106 0.052 0.045 0.052 0.000
0.138 0.068 0.093 0.017 0.015 0.015 0.093 0.124 0.093 0.000 0.093 0.106 0.051 0.045 0.051 0.000
0.138 0.067 0.093 0.017 0.014 0.014 0.093 0.124 0.093 0.000 0.093 0.106 0.051 0.045 0.051 0.000
0.138 0.067 0.093 0.016 0.014 0.014 0.093 0.125 0.093 0.000 0.093 0.107 0.051 0.044 0.051 0.000
0.138 0.067 0.094 0.016 0.014 0.014 0.094 0.125 0.094 0.000 0.094 0.107 0.051 0.044 0.051 0.000
0.138 0.066 0.094 0.016 0.014 0.014 0.094 0.125 0.094 0.000 0.094 0.107 0.050 0.044 0.050 0.000
0.138 0.066 0.094 0.016 0.014 0.014 0.094 0.125 0.094 0.000 0.094 0.107 0.050 0.044 0.050 0.000
0.138 0.066 0.094 0.016 0.014 0.014 0.094 0.125 0.094 0.000 0.094 0.107 0.050 0.044 0.050 0.000
0.138 0.066 0.094 0.016 0.014 0.014 0.094 0.126 0.094 0.000 0.094 0.107 0.050 0.044 0.050 0.000
0.138 0.066 0.094 0.016 0.014 0.014 0.094 0.126 0.094 0.000 0.094 0.108 0.050 0.044 0.050 0.000
0.138 0.066 0.094 0.016 0.014 0.014 0.094 0.126 0.094 0.000 0.094 0.108 0.050 0.044 0.050 0.000
0.138 0.066 0.094 0.016 0.014 0.014 0.094 0.126 0.094 0.000 0.094 0.108 0.050 0.044 0.050 0.000
0.138 0.066 0.094 0.016 0.014 0.014 0.094 0.126 0.094 0.000 0.094 0.108 0.050 0.044 0.050 0.000
0.138 0.066 0.094 0.016 0.014 0.014 0.094 0.126 0.094 0.000 0.094 0.108 0.050 0.044 0.050 0.000
0.138 0.066 0.094 0.016 0.014 0.014 0.094 0.126 0.094 0.000 0.094 0.108 0.050 0.044 0.050 0.000
0.138 0.066 0.094 0.016 0.014 0.014 0.094 0.126 0.094 0.000 0.094 0.108 0.050 0.044 0.050 0.000
0.138 0.066 0.094 0.016 0.014 0.014 0.094 0.126 0.094 0.000 0.094 0.108 0.050 0.044 0.050 0.000
0.138 0.066 0.094 0.016 0.014 0.014 0.094 0.126 0.094 0.000 0.094 0.108 0.050 0.044 0.050 0.000
0.138 0.066 0.094 0.016 0.014 0.014 0.094 0.126 0.094 0.000 0.094 0.108 0.050 0.044 0.050 0.000
0.138 0.066 0.094 0.016 0.014 0.014 0.094 0.126 0.094 0.000 0.094 0.108 0.050 0.044 0.050 0.000
0.138 0.066 0.094 0.016 0.014 0.014 0.094 0.126 0.094 0.000 0.094 0.108 0.050 0.044 0.050 0.000
0.138 0.066 0.094 0.016 0.014 0.014 0.094 0.126 0.094 0.000 0.094 0.108 0.050 0.044 0.050 0.000
0.138 0.066 0.094 0.016 0.014 0.014 0.094 0.126 0.094 0.000 0.094 0.108 0.050 0.044 0.050 0.000
0.138 0.066 0.094 0.016 0.014 0.014 0.094 0.126 0.094 0.000 0.094 0.108 0.050 0.044 0.050 0.000
0.138 0.066 0.094 0.016 0.014 0.014 0.094 0.126 0.094 0.000 0.094 0.108 0.050 0.044 0.050 0.000
0.138 0.066 0.094 0.016 0.014 0.014 0.094 0.126 0.094 0.000 0.094 0.108 0.050 0.044 0.050 0.000
0.138 0.066 0.094 0.016 0.014 0.014 0.094 0.126 0.094 0.000 0.094 0.108 0.050 0.044 0.050 0.000
0.138 0.066 0.094 0.016 0.014 0.014 0.094 0.126 0.094 0.000 0.094 0.108 0.050 0.044 0.050 0.000
0.138 0.066 0.094 0.016 0.014 0.014 0.094 0.126 0.094 0.000 0.094 0.108 0.050 0.044 0.050 0.000
0.138 0.066 0.094 0.016 0.014 0.014 0.094 0.126 0.094 0.000 0.094 0.108 0.050 0.044 0.050 0.000
0.138 0.066 0.094 0.016 0.014 0.014 0.094 0.126 0.094 0.000 0.094 0.108 0.050 0.044 0.050 0.000
0.138 0.066 0.094 0.016 0.014 0.014 0.094 0.126 0.094 0.000 0.094 0.108 0.050 0.044 0.050 0.000
0.138 0.066 0.094 0.016 0.014 0.014 0.094 0.126 0.094 0.000 0.094 0.108 0.050 0.044 0.050 0.000
0.138 0.066 0.094 0.016 0.014 0.014 0.094 0.126 0.094 0.000 0.094 0.108 0.050 0.044 0.050 0.000
0.138 0.066 0.094 0.016 0.014 0.014 0.094 0.126 0.094 0.000 0.094 0.108 0.050 0.044 0.050 0.000
0.138 0.066 0.094 0.016 0.014 0.014 0.094 0.126 0.094 0.000 0.094 0.108 0.050 0.044 0.050 0.000
0.138 0.066 0.094 0.016 0.014 0.014 0.094 0.126 0.094 0.000 0.094 0.108 0.050 0.044 0.050 0.000
0.138 0.066 0.094 0.016 0.014 0.014 0.094 0.126 0.094 0.000 0.094 0.108 0.050 0.044 0.050 0.000
0.138 0.066 0.094 0.016 0.014 0.014 0.094 0.126 0.094 0.000 0.094 0.108 0.050 0.044 0.050 0.000
0.138 0.066 0.094 0.016 0.014 0.014 0.094 0.126 0.094 0.000 0.094 0.108 0.050 0.044 0.050 0.000
0.138 0.066 0.094 0.016 0.014 0.014 0.094 0.126 0.094 0.000 0.094 0.108 0.050 0.044 0.050 0.000
0.138 0.066 0.094 0.016 0.014 0.014 0.094 0.126 0.094 0.000 0.094 0.108 0.050 0.044 0.050 0.000
0.138 0.066 0.094 0.016 0.014 0.014 0.094 0.126 0.094 0.000 0.094 0.108 0.050 0.044 0.050 0.000
0.138 0.066 0.094 0.016 0.014 0.014 0.094 0.126 0.094 0.000 0.094 0.108 0.050 0.044 0.050 0.000
0.138 0.066 0.094 0.016 0.014 0.014 0.094 0.126 0.094 0.000 0.094 0.108 0.050 0.044 0.050 0.000
0.138 0.066 0.094 0.016 0.014 0.014 0.094 0.126 0.094 0.000 0.094 0.108 0.050 0.044 0.050 0.000
0.138 0.066 0.094 0.016 0.014 0.014 0.094 0.126 0.094 0.000 0.094 0.108 0.050 0.044 0.050 0.000
0.138 0.066 0.094 0.016 0.014 0.014 0.094 0.126 0.094 0.000 0.094 0.108 0.050 0.044 0.050 0.000
0.138 0.066 0.094 0.016 0.014 0.014 0.094 0.126 0.094 0.000 0.094 0.108 0.050 0.044 0.050 0.000
0.138 0.066 0.094 0.016 0.014 0.014 0.094 0.126 0.094 0.000 0.094 0.108 0.050 0.044 0.050 0.000
0.138 0.066 0.094 0.016 0.014 0.014 0.094 0.126 0.094 0.000 0.094 0.108 0.050 0.044 0.050 0.000
0.138 0.066 0.094 0.016 0.014 0.014 0.094 0.126 0.094 0.000 0.094 0.108 0.050 0.044 0.050 0.000
0.138 0.066 0.094 0.016 0.014 0.014 0.094 0.126 0.094 0.000 0.094 0.108 0.050 0.044 0.050 0.000
0.138 0.066 0.094 0.016 0.014 0.014 0.094 0.126 0.094 0.000 0.094 0.108 0.050 0.044 0.050 0.000
0.138 0.066 0.094 0.016 0.014 0.014 0.094 0.126 0.094 0.000 0.094 0.108 0.050 0.044 0.050 0.000
0.138 0.066 0.094 0.016 0.014 0.014 0.094 0.126 0.094 0.000 0.094 0.108 0.050 0.044 0.050 0.000
0.138 0.066 0.094 0.016 0.014 0.014 0.094 0.126 0.094 0.000 0.094 0.108 0.050 0.044 0.050 0.000
0.138 0.066 0.094 0.016 0.014 0.014 0.094 0.126 0.094 0.000 0.094 0.108 0.050 0.044 0.050 0.000
0.138 0.066 0.094 0.016 0.014 0.014 0.094 0.126 0.094 0.000 0.094 0.108 0.050 0.044 0.050 0.000
0.138 0.066 0.094 0.016 0.014 0.014 0.094 0.126 0.094 0.000 0.094 0.108 0.050 0.044 0.050 0.000
0.138 0.066 0.094 0.016 0.014 0.014 0.094 0.126 0.094 0.000 0.094 0.108 0.050 0.044 0.050 0.000
0.138 0.066 0.094 0.016 0.014 0.014 0.094 0.126 0.094 0.000 0.094 0.108 0.050 0.044 0.050 0.000
0.138 0.066 0.094 0.016 0.014 0.014 0.094 0.126 0.094 0.000 0.094 0.108 0.050 0.044 0.050 0.000
0.138 0.066 0.094 0.016 0.014 0.014 0.094 0.126 0.094 0.000 0.094 0.108 0.050 0.044 0.050 0.000
0.138 0.066 0.094 0.016 0.014 0.014 0.094 0.126 0.094 0.000 0.094 0.108 0.050 0.044 0.050 0.000
0.138 0.066 0.094 0.016 0.014 0.014 0.094 0.126 0.094 0.000 0.094 0.108 0.050 0.044 0.050 0.000
0.138 0.066 0.094 0.016 0.014 0.014 0.094 0.126 0.094 0.000 0.094 0.108 0.050 0.044 0.050 0.000
0.138 0.066 0.094 0.016 0.014 0.014 0.094 0.126 0.094 0.000 0.094 0.108 0.050 0.044 0.050 0.000
0.138 0.066 0.094 0.016 0.014 0.014 0.094 0.126 0.094 0.000 0.094 0.108 0.050 0.044 0.050 0.000
0.138 0.066 0.094 0.016 0.014 0.014 0.094 0.126 0.094 0.000 0.094 0.108 0.050 0.044 0.050 0.000
0.138 0.066 0.094 0.016 0.014 0.014 0.094 0.126 0.094 0.000 0.094 0.108 0.050 0.044 0.050 0.000
0.138 0.066 0.094 0.016 0.014 0.014 0.094 0.126 0.094 0.000 0.094 0.108 0.050 0.044 0.050 0.000
0.138 0.066 0.094 0.016 0.014 0.014 0.094 0.126 0.094 0.000 0.094 0.108 0.050 0.044 0.050 0.000
0.138 0.066 0.094 0.016 0.014 0.014 0.094 0.126 0.094 0.000 0.094 0.108 0.050 0.044 0.050 0.000
0.138 0.066 0.094 0.016 0.014 0.014 0.094 0.126 0.094 0.000 0.094 0.108 0.050 0.044 0.050 0.000
0.138 0.066 0.094 0.016 0.014 0.014 0.094 0.126 0.094 0.000 0.094 0.108 0.050 0.044 0.050 0.000
0.138 0.066 0.094 0.016 0.014 0.014 0.094 0.126 0.094 0.000 0.094 0.108 0.050 0.044 0.050 0.000
0.138 0.066 0.094 0.016 0.014 0.014 0.094 0.126 0.094 0.000 0.094 0.108 0.050 0.044 0.050 0.000
0.138 0.066 0.094 0.016 0.014 0.014 0.094 0.126 0.094 0.000 0.094 0.108 0.050 0.044 0.050 0.000
0.138 0.066 0.094 0.016 0.014 0.014 0.094 0.126 0.094 0.000 0.094 0.108 0.050 0.044 0.050 0.000
0.138 0.066 0.094 0.016 0.014 0.014 0.094 0.126 0.094 0.000 0.094 0.108 0.050 0.044 0.050 0.000
0.138 0.066 0.094 0.016 0.014 0.014 0.094 0.126 0.094 0.000 0.094 0.108 0.050 0.044 0.050 0.000
0.138 0.066 0.094 0.016 0.014 0.014 0.094 0.126 0.094 0.000 0.094 0.108 0.050 0.044 0.050 0.000
0.138 0.066 0.094 0.016 0.014 0.014 0.094 0.126 0.094 0.000 0.094 0.108 0.050 0.044 0.050 0.000
0.138 0.066 0.094 0.016 0.014 0.014 0.094 0.126 0.094 0.000 0.094 0.108 0.050 0.044 0.050 0.000
0.138 0.066 0.094 0.016 0.014 0.014 0.094 0.126 0.094 0.000 0.094 0.108 0.050 0.044 0.050 0.000
0.138 0.066 0.094 0.016 0.014 0.014 0.094 0.126 0.094 0.000 0.094 0.108 0.050 0.044 0.050 0.000
0.138 0.066 0.094 0.016 0.014 0.014 0.094 0.126 0.094 0.000 0.094 0.108 0.050 0.044 0.050 0.000
0.138 0.066 0.094 0.016 0.014 0.014 0.094 0.126 0.094 0.000 0.094 0.108 0.050 0.044 0.050 0.000
0.138 0.066 0.094 0.016 0.014 0.014 0.094 0.126 0.094 0.000 0.094 0.108 0.050 0.044 0.050 0.000
