1.000 1.000 1.000 1.000 1.000 1.000 1.000 1.000 1.000 1.000 1.000 1.000 1.000 1.000 1.000 1.000
0.174 0.304 0.217 0.000 0.043 0.000 0.043 0.000 0.043 0.043 0.043 0.000 0.000 0.043 0.000 0.043
0.134 0.331 0.227 0.000 0.029 0.000 0.052 0.000 0.052 0.058 0.047 0.000 0.000 0.035 0.000 0.035
0.111 0.354 0.226 0.000 0.021 0.000 0.057 0.000 0.057 0.055 0.050 0.000 0.000 0.034 0.000 0.034
0.097 0.371 0.223 0.000 0.017 0.000 0.061 0.000 0.061 0.051 0.052 0.000 0.000 0.034 0.000 0.034
0.087 0.385 0.219 0.000 0.015 0.000 0.063 0.000 0.063 0.048 0.054 0.000 0.000 0.033 0.000 0.033
0.080 0.396 0.215 0.000 0.013 0.000 0.065 0.000 0.065 0.045 0.056 0.000 0.000 0.032 0.000 0.032
0.076 0.404 0.211 0.000 0.012 0.000 0.067 0.000 0.067 0.043 0.058 0.000 0.000 0.031 0.000 0.031
0.072 0.410 0.208 0.000 0.011 0.000 0.068 0.000 0.068 0.042 0.059 0.000 0.000 0.031 0.000 0.031
0.070 0.414 0.206 0.000 0.011 0.000 0.069 0.000 0.069 0.041 0.059 0.000 0.000 0.030 0.000 0.030
0.068 0.418 0.204 0.000 0.010 0.000 0.070 0.000 0.070 0.040 0.060 0.000 0.000 0.030 0.000 0.030
0.066 0.421 0.203 0.000 0.010 0.000 0.070 0.000 0.070 0.039 0.060 0.000 0.000 0.030 0.000 0.030
0.065 0.423 0.202 0.000 0.010 0.000 0.071 0.000 0.071 0.039 0.061 0.000 0.000 0.029 0.000 0.029
0.065 0.424 0.201 0.000 0.009 0.000 0.071 0.000 0.071 0.039 0.061 0.000 0.000 0.029 0.000 0.029
0.064 0.425 0.201 0.000 0.009 0.000 0.071 0.000 0.071 0.038 0.061 0.000 0.000 0.029 0.000 0.029
0.064 0.426 0.200 0.000 0.009 0.000 0.072 0.000 0.072 0.038 0.061 0.000 0.000 0.029 0.000 0.029
0.063 0.427 0.200 0.000 0.009 0.000 0.072 0.000 0.072 0.038 0.061 0.000 0.000 0.029 0.000 0.029
0.063 0.427 0.200 0.000 0.009 0.000 0.072 0.000 0.072 0.038 0.061 0.000 0.000 0.029 0.000 0.029
0.063 0.428 0.200 0.000 0.009 0.000 0.072 0.000 0.072 0.038 0.062 0.000 0.000 0.029 0.000 0.029
0.063 0.428 0.199 0.000 0.009 0.000 0.072 0.000 0.072 0.038 0.062 0.000 0.000 0.029 0.000 0.029
0.063 0.428 0.199 0.000 0.009 0.000 0.072 0.000 0.072 0.038 0.062 0.000 0.000 0.029 0.000 0.029
0.063 0.428 0.199 0.000 0.009 0.000 0.072 0.000 0.072 0.038 0.062 0.000 0.000 0.029 0.000 0.029
0.062 0.428 0.199 0.000 0.009 0.000 0.072 0.000 0.072 0.038 0.062 0.000 0.000 0.029 0.000 0.029
0.062 0.429 0.199 0.000 0.009 0.000 0.072 0.000 0.072 0.038 0.062 0.000 0.000 0.029 0.000 0.029
0.062 0.429 0.199 0.000 0.009 0.000 0.072 0.000 0.072 0.038 0.062 0.000 0.000 0.029 0.000 0.029
0.062 0.429 0.199 0.000 0.009 0.000 0.072 0.000 0.072 0.038 0.062 0.000 0.000 0.029 0.000 0.029
0.062 0.429 0.199 0.000 0.009 0.000 0.072 0.000 0.072 0.038 0.062 0.000 0.000 0.029 0.000 0.029
0.062 0.429 0.199 0.000 0.009 0.000 0.072 0.000 0.072 0.038 0.062 0.000 0.000 0.029 0.000 0.029
0.062 0.429 0.199 0.000 0.009 0.000 0.072 0.000 0.072 0.038 0.062 0.000 0.000 0.029 0.000 0.029
0.062 0.429 0.199 0.000 0.009 0.000 0.072 0.000 0.072 0.038 0.062 0.000 0.000 0.029 0.000 0.029
0.062 0.429 0.199 0.000 0.009 0.000 0.072 0.000 0.072 0.038 0.062 0.000 0.000 0.029 0.000 0.029
0.062 0.429 0.199 0.000 0.009 0.000 0.072 0.000 0.072 0.038 0.062 0.000 0.000 0.029 0.000 0.029
0.062 0.429 0.199 0.000 0.009 0.000 0.072 0.000 0.072 0.038 0.062 0.000 0.000 0.029 0.000 0.029
0.062 0.429 0.199 0.000 0.009 0.000 0.072 0.000 0.072 0.038 0.062 0.000 0.000 0.029 0.000 0.029
0.062 0.429 0.199 0.000 0.009 0.000 0.072 0.000 0.072 0.038 0.062 0.000 0.000 0.029 0.000 0.029
0.062 0.429 0.199 0.000 0.009 0.000 0.072 0.000 0.072 0.038 0.062 0.000 0.000 0.029 0.000 0.029
0.062 0.429 0.199 0.000 0.009 0.000 0.072 0.000 0.072 0.038 0.062 0.000 0.000 0.029 0.000 0.029
0.062 0.429 0.199 0.000 0.009 0.000 0.072 0.000 0.072 0.038 0.062 0.000 0.000 0.029 0.000 0.029
0.062 0.429 0.199 0.000 0.009 0.000 0.072 0.000 0.072 0.038 0.062 0.000 0.000 0.029 0.000 0.029
0.062 0.429 0.199 0.000 0.009 0.000 0.072 0.000 0.072 0.038 0.062 0.000 0.000 0.029 0.000 0.029
0.062 0.429 0.199 0.000 0.009 0.000 0.072 0.000 0.072 0.038 0.062 0.000 0.000 0.029 0.000 0.029
0.062 0.429 0.199 0.000 0.009 0.000 0.072 0.000 0.072 0.038 0.062 0.000 0.000 0.029 0.000 0.029
0.062 0.429 0.199 0.000 0.009 0.000 0.072 0.000 0.072 0.038 0.062 0.000 0.000 0.029 0.000 0.029
0.062 0.429 0.199 0.000 0.009 0.000 0.072 0.000 0.072 0.038 0.062 0.000 0.000 0.029 0.000 0.029
0.062 0.429 0.199 0.000 0.009 0.000 0.072 0.000 0.072 0.038 0.062 0.000 0.000 0.029 0.000 0.029
0.062 0.429 0.199 0.000 0.009 0.000 0.072 0.000 0.072 0.038 0.062 0.000 0.000 0.029 0.000 0.029
0.062 0.429 0.199 0.000 0.009 0.000 0.072 0.000 0.072 0.038 0.062 0.000 0.000 0.029 0.000 0.029
0.062 0.429 0.199 0.000 0.009 0.000 0.072 0.000 0.072 0.038 0.062 0.000 0.000 0.029 0.000 0.029
0.062 0.429 0.199 0.000 0.009 0.000 0.072 0.000 0.072 0.038 0.062 0.000 0.000 0.029 0.000 0.029
0.062 0.429 0.199 0.000 0.009 0.000 0.072 0.000 0.072 0.038 0.062 0.000 0.000 0.029 0.000 0.029
0.062 0.429 0.199 0.000 0.009 0.000 0.072 0.000 0.072 0.038 0.062 0.000 0.000 0.029 0.000 0.029
0.062 0.429 0.199 0.000 0.009 0.000 0.072 0.000 0.072 0.038 0.062 0.000 0.000 0.029 0.000 0.029
0.062 0.429 0.199 0.000 0.009 0.000 0.072 0.000 0.072 0.038 0.062 0.000 0.000 0.029 0.000 0.029
0.062 0.429 0.199 0.000 0.009 0.000 0.072 0.000 0.072 0.038 0.062 0.000 0.000 0.029 0.000 0.029
0.062 0.429 0.199 0.000 0.009 0.000 0.072 0.000 0.072 0.038 0.062 0.000 0.000 0.029 0.000 0.029
0.062 0.429 0.199 0.000 0.009 0.000 0.072 0.000 0.072 0.038 0.062 0.000 0.000 0.029 0.000 0.029
0.062 0.429 0.199 0.000 0.009 0.000 0.072 0.000 0.072 0.038 0.062 0.000 0.000 0.029 0.000 0.029
0.062 0.429 0.199 0.000 0.009 0.000 0.072 0.000 0.072 0.038 0.062 0.000 0.000 0.029 0.000 0.029
0.062 0.429 0.199 0.000 0.009 0.000 0.072 0.000 0.072 0.038 0.062 0.000 0.000 0.029 0.000 0.029
0.062 0.429 0.199 0.000 0.009 0.000 0.072 0.000 0.072 0.038 0.062 0.000 0.000 0.029 0.000 0.029
0.062 0.429 0.199 0.000 0.009 0.000 0.072 0.000 0.072 0.038 0.062 0.000 0.000 0.029 0.000 0.029
0.062 0.429 0.199 0.000 0.009 0.000 0.072 0.000 0.072 0.038 0.062 0.000 0.000 0.029 0.000 0.029
0.062 0.429 0.199 0.000 0.009 0.000 0.072 0.000 0.072 0.038 0.062 0.000 0.000 0.029 0.000 0.029
0.062 0.429 0.199 0.000 0.009 0.000 0.072 0.000 0.072 0.038 0.062 0.000 0.000 0.029 0.000 0.029
0.062 0.429 0.199 0.000 0.009 0.000 0.072 0.000 0.072 0.038 0.062 0.000 0.000 0.029 0.000 0.029
0.062 0.429 0.199 0.000 0.009 0.000 0.072 0.000 0.072 0.038 0.062 0.000 0.000 0.029 0.000 0.029
0.062 0.429 0.199 0.000 0.009 0.000 0.072 0.000 0.072 0.038 0.062 0.000 0.000 0.029 0.000 0.029
0.062 0.429 0.199 0.000 0.009 0.000 0.072 0.000 0.072 0.038 0.062 0.000 0.000 0.029 0.000 0.029
0.062 0.429 0.199 0.000 0.009 0.000 0.072 0.000 0.072 0.038 0.062 0.000 0.000 0.029 0.000 0.029
0.062 0.429 0.199 0.000 0.009 0.000 0.072 0.000 0.072 0.038 0.062 0.000 0.000 0.029 0.000 0.029
0.062 0.429 0.199 0.000 0.009 0.000 0.072 0.000 0.072 0.038 0.062 0.000 0.000 0.029 0.000 0.029
0.062 0.429 0.199 0.000 0.009 0.000 0.072 0.000 0.072 0.038 0.062 0.000 0.000 0.029 0.000 0.029
0.062 0.429 0.199 0.000 0.009 0.000 0.072 0.000 0.072 0.038 0.062 0.000 0.000 0.029 0.000 0.029
0.062 0.429 0.199 0.000 0.009 0.000 0.072 0.000 0.072 0.038 0.062 0.000 0.000 0.029 0.000 0.029
0.062 0.429 0.199 0.000 0.009 0.000 0.072 0.000 0.072 0.038 0.062 0.000 0.000 0.029 0.000 0.029
0.062 0.429 0.199 0.000 0.009 0.000 0.072 0.000 0.072 0.038 0.062 0.000 0.000 0.029 0.000 0.029
0.062 0.429 0.199 0.000 0.009 0.000 0.072 0.000 0.072 0.038 0.062 0.000 0.000 0.029 0.000 0.029
0.062 0.429 0.199 0.000 0.009 0.000 0.072 0.000 0.072 0.038 0.062 0.000 0.000 0.029 0.000 0.029
0.062 0.429 0.199 0.000 0.009 0.000 0.072 0.000 0.072 0.038 0.062 0.000 0.000 0.029 0.000 0.029
0.062 0.429 0.199 0.000 0.009 0.000 0.072 0.000 0.072 0.038 0.062 0.000 0.000 0.029 0.000 0.029
0.062 0.429 0.199 0.000 0.009 0.000 0.072 0.000 0.072 0.038 0.062 0.000 0.000 0.029 0.000 0.029
0.062 0.429 0.199 0.000 0.009 0.000 0.072 0.000 0.072 0.038 0.062 0.000 0.000 0.029 0.000 0.029
0.062 0.429 0.199 0.000 0.009 0.000 0.072 0.000 0.072 0.038 0.062 0.000 0.000 0.029 0.000 0.029
0.062 0.429 0.199 0.000 0.009 0.000 0.072 0.000 0.072 0.038 0.062 0.000 0.000 0.029 0.000 0.029
0.062 0.429 0.199 0.000 0.009 0.000 0.072 0.000 0.072 0.038 0.062 0.000 0.000 0.029 0.000 0.029
0.062 0.429 0.199 0.000 0.009 0.000 0.072 0.000 0.072 0.038 0.062 0.000 0.000 0.029 0.000 0.029
0.062 0.429 0.199 0.000 0.009 0.000 0.072 0.000 0.072 0.038 0.062 0.000 0.000 0.029 0.000 0.029
0.062 0.429 0.199 0.000 0.009 0.000 0.072 0.000 0.072 0.038 0.062 0.000 0.000 0.029 0.000 0.029
0.062 0.429 0.199 0.000 0.009 0.000 0.072 0.000 0.072 0.038 0.062 0.000 0.000 0.029 0.000 0.029
0.062 0.429 0.199 0.000 0.009 0.000 0.072 0.000 0.072 0.038 0.062 0.000 0.000 0.029 0.000 0.029
0.062 0.429 0.199 0.000 0.009 0.000 0.072 0.000 0.072 0.038 0.062 0.000 0.000 0.029 0.000 0.029
0.062 0.429 0.199 0.000 0.009 0.000 0.072 0.000 0.072 0.038 0.062 0.000 0.000 0.029 0.000 0.029
0.062 0.429 0.199 0.000 0.009 0.000 0.072 0.000 0.072 0.038 0.062 0.000 0.000 0.029 0.000 0.029
0.062 0.429 0.199 0.000 0.009 0.000 0.072 0.000 0.072 0.038 0.062 0.000 0.000 0.029 0.000 0.029
0.062 0.429 0.199 0.000 0.009 0.000 0.072 0.000 0.072 0.038 0.062 0.000 0.000 0.029 0.000 0.029
0.062 0.429 0.199 0.000 0.009 0.000 0.072 0.000 0.072 0.038 0.062 0.000 0.000 0.029 0.000 0.029
0.062 0.429 0.199 0.000 0.009 0.000 0.072 0.000 0.072 0.038 0.062 0.000 0.000 0.029 0.000 0.029
0.062 0.429 0.199 0.000 0.009 0.000 0.072 0.000 0.072 0.038 0.062 0.000 0.000 0.029 0.000 0.029
0.062 0.429 0.199 0.000 0.009 0.000 0.072 0.000 0.072 0.038 0.062 0.000 0.000 0.029 0.000 0.029
0.062 0.429 0.199 0.000 0.009 0.000 0.072 0.000 0.072 0.038 0.062 0.000 0.000 0.029 0.000 0.029
