1.000 1.000 1.000 1.000 1.000 1.000 1.000 1.000 1.000 1.000 1.000 1.000 1.000 1.000 1.000 1.000
0.179 0.306 0.161 0.020 0.021 0.020 0.039 0.020 0.021 0.035 0.048 0.020 0.020 0.048 0.020 0.021
0.079 0.106 0.077 0.055 0.059 0.055 0.056 0.055 0.058 0.060 0.057 0.055 0.055 0.057 0.055 0.059
0.081 0.105 0.083 0.054 0.058 0.054 0.057 0.054 0.057 0.059 0.058 0.054 0.054 0.058 0.054 0.058
0.081 0.106 0.083 0.054 0.058 0.054 0.057 0.054 0.057 0.059 0.058 0.054 0.054 0.058 0.054 0.058
0.081 0.106 0.083 0.054 0.058 0.054 0.057 0.054 0.057 0.059 0.058 0.054 0.054 0.058 0.054 0.058
0.081 0.106 0.083 0.054 0.058 0.054 0.057 0.054 0.057 0.059 0.058 0.054 0.054 0.058 0.054 0.058
0.081 0.106 0.083 0.054 0.058 0.054 0.057 0.054 0.057 0.059 0.058 0.054 0.054 0.058 0.054 0.058
0.081 0.106 0.083 0.054 0.058 0.054 0.057 0.054 0.057 0.059 0.058 0.054 0.054 0.058 0.054 0.058
0.081 0.106 0.083 0.054 0.058 0.054 0.057 0.054 0.057 0.059 0.058 0.054 0.054 0.058 0.054 0.058
0.081 0.106 0.083 0.054 0.058 0.054 0.057 0.054 0.057 0.059 0.058 0.054 0.054 0.058 0.054 0.058
0.081 0.106 0.083 0.054 0.058 0.054 0.057 0.054 0.057 0.059 0.058 0.054 0.054 0.058 0.054 0.058
0.081 0.106 0.083 0.054 0.058 0.054 0.057 0.054 0.057 0.059 0.058 0.054 0.054 0.058 0.054 0.058
0.081 0.106 0.083 0.054 0.058 0.054 0.057 0.054 0.057 0.059 0.058 0.054 0.054 0.058 0.054 0.058
0.081 0.106 0.083 0.054 0.058 0.054 0.057 0.054 0.057 0.059 0.058 0.054 0.054 0.058 0.054 0.058
0.081 0.106 0.083 0.054 0.058 0.054 0.057 0.054 0.057 0.059 0.058 0.054 0.054 0.058 0.054 0.058
0.081 0.106 0.083 0.054 0.058 0.054 0.057 0.054 0.057 0.059 0.058 0.054 0.054 0.058 0.054 0.058
0.081 0.106 0.083 0.054 0.058 0.054 0.057 0.054 0.057 0.059 0.058 0.054 0.054 0.058 0.054 0.058
0.081 0.106 0.083 0.054 0.058 0.054 0.057 0.054 0.057 0.059 0.058 0.054 0.054 0.058 0.054 0.058
0.081 0.106 0.083 0.054 0.058 0.054 0.057 0.054 0.057 0.059 0.058 0.054 0.054 0.058 0.054 0.058
0.081 0.106 0.083 0.054 0.058 0.054 0.057 0.054 0.057 0.059 0.058 0.054 0.054 0.058 0.054 0.058
0.081 0.106 0.083 0.054 0.058 0.054 0.057 0.054 0.057 0.059 0.058 0.054 0.054 0.058 0.054 0.058
0.081 0.106 0.083 0.054 0.058 0.054 0.057 0.054 0.057 0.059 0.058 0.054 0.054 0.058 0.054 0.058
0.081 0.106 0.083 0.054 0.058 0.054 0.057 0.054 0.057 0.059 0.058 0.054 0.054 0.058 0.054 0.058
0.081 0.106 0.083 0.054 0.058 0.054 0.057 0.054 0.057 0.059 0.058 0.054 0.054 0.058 0.054 0.058
0.081 0.106 0.083 0.054 0.058 0.054 0.057 0.054 0.057 0.059 0.058 0.054 0.054 0.058 0.054 0.058
0.081 0.106 0.083 0.054 0.058 0.054 0.057 0.054 0.057 0.059 0.058 0.054 0.054 0.058 0.054 0.058
0.081 0.106 0.083 0.054 0.058 0.054 0.057 0.054 0.057 0.059 0.058 0.054 0.054 0.058 0.054 0.058
0.081 0.106 0.083 0.054 0.058 0.054 0.057 0.054 0.057 0.059 0.058 0.054 0.054 0.058 0.054 0.058
0.081 0.106 0.083 0.054 0.058 0.054 0.057 0.054 0.057 0.059 0.058 0.054 0.054 0.058 0.054 0.058
0.081 0.106 0.083 0.054 0.058 0.054 0.057 0.054 0.057 0.059 0.058 0.054 0.054 0.058 0.054 0.058
0.081 0.106 0.083 0.054 0.058 0.054 0.057 0.054 0.057 0.059 0.058 0.054 0.054 0.058 0.054 0.058
0.081 0.106 0.083 0.054 0.058 0.054 0.057 0.054 0.057 0.059 0.058 0.054 0.054 0.058 0.054 0.058
0.081 0.106 0.083 0.054 0.058 0.054 0.057 0.054 0.057 0.059 0.058 0.054 0.054 0.058 0.054 0.058
0.081 0.106 0.083 0.054 0.058 0.054 0.057 0.054 0.057 0.059 0.058 0.054 0.054 0.058 0.054 0.058
0.081 0.106 0.083 0.054 0.058 0.054 0.057 0.054 0.057 0.059 0.058 0.054 0.054 0.058 0.054 0.058
0.081 0.106 0.083 0.054 0.058 0.054 0.057 0.054 0.057 0.059 0.058 0.054 0.054 0.058 0.054 0.058
0.081 0.106 0.083 0.054 0.058 0.054 0.057 0.054 0.057 0.059 0.058 0.054 0.054 0.058 0.054 0.058
0.081 0.106 0.083 0.054 0.058 0.054 0.057 0.054 0.057 0.059 0.058 0.054 0.054 0.058 0.054 0.058
0.081 0.106 0.083 0.054 0.058 0.054 0.057 0.054 0.057 0.059 0.058 0.054 0.054 0.058 0.054 0.058
0.081 0.106 0.083 0.054 0.058 0.054 0.057 0.054 0.057 0.059 0.058 0.054 0.054 0.058 0.054 0.058
0.081 0.106 0.083 0.054 0.058 0.054 0.057 0.054 0.057 0.059 0.058 0.054 0.054 0.058 0.054 0.058
0.081 0.106 0.083 0.054 0.058 0.054 0.057 0.054 0.057 0.059 0.058 0.054 0.054 0.058 0.054 0.058
0.081 0.106 0.083 0.054 0.058 0.054 0.057 0.054 0.057 0.059 0.058 0.054 0.054 0.058 0.054 0.058
0.081 0.106 0.083 0.054 0.058 0.054 0.057 0.054 0.057 0.059 0.058 0.054 0.054 0.058 0.054 0.058
0.081 0.106 0.083 0.054 0.058 0.054 0.057 0.054 0.057 0.059 0.058 0.054 0.054 0.058 0.054 0.058
0.081 0.106 0.083 0.054 0.058 0.054 0.057 0.054 0.057 0.059 0.058 0.054 0.054 0.058 0.054 0.058
0.081 0.106 0.083 0.054 0.058 0.054 0.057 0.054 0.057 0.059 0.058 0.054 0.054 0.058 0.054 0.058
0.081 0.106 0.083 0.054 0.058 0.054 0.057 0.054 0.057 0.059 0.058 0.054 0.054 0.058 0.054 0.058
0.081 0.106 0.083 0.054 0.058 0.054 0.057 0.054 0.057 0.059 0.058 0.054 0.054 0.058 0.054 0.058
0.081 0.106 0.083 0.054 0.058 0.054 0.057 0.054 0.057 0.059 0.058 0.054 0.054 0.058 0.054 0.058
0.081 0.106 0.083 0.054 0.058 0.054 0.057 0.054 0.057 0.059 0.058 0.054 0.054 0.058 0.054 0.058
0.081 0.106 0.083 0.054 0.058 0.054 0.057 0.054 0.057 0.059 0.058 0.054 0.054 0.058 0.054 0.058
0.081 0.106 0.083 0.054 0.058 0.054 0.057 0.054 0.057 0.059 0.058 0.054 0.054 0.058 0.054 0.058
0.081 0.106 0.083 0.054 0.058 0.054 0.057 0.054 0.057 0.059 0.058 0.054 0.054 0.058 0.054 0.058
0.081 0.106 0.083 0.054 0.058 0.054 0.057 0.054 0.057 0.059 0.058 0.054 0.054 0.058 0.054 0.058
0.081 0.106 0.083 0.054 0.058 0.054 0.057 0.054 0.057 0.059 0.058 0.054 0.054 0.058 0.054 0.058
0.081 0.106 0.083 0.054 0.058 0.054 0.057 0.054 0.057 0.059 0.058 0.054 0.054 0.058 0.054 0.058
0.081 0.106 0.083 0.054 0.058 0.054 0.057 0.054 0.057 0.059 0.058 0.054 0.054 0.058 0.054 0.058
0.081 0.106 0.083 0.054 0.058 0.054 0.057 0.054 0.057 0.059 0.058 0.054 0.054 0.058 0.054 0.058
0.081 0.106 0.083 0.054 0.058 0.054 0.057 0.054 0.057 0.059 0.058 0.054 0.054 0.058 0.054 0.058
0.081 0.106 0.083 0.054 0.058 0.054 0.057 0.054 0.057 0.059 0.058 0.054 0.054 0.058 0.054 0.058
0.081 0.106 0.083 0.054 0.058 0.054 0.057 0.054 0.057 0.059 0.058 0.054 0.054 0.058 0.054 0.058
0.081 0.106 0.083 0.054 0.058 0.054 0.057 0.054 0.057 0.059 0.058 0.054 0.054 0.058 0.054 0.058
0.081 0.106 0.083 0.054 0.058 0.054 0.057 0.054 0.057 0.059 0.058 0.054 0.054 0.058 0.054 0.058
0.081 0.106 0.083 0.054 0.058 0.054 0.057 0.054 0.057 0.059 0.058 0.054 0.054 0.058 0.054 0.058
0.081 0.106 0.083 0.054 0.058 0.054 0.057 0.054 0.057 0.059 0.058 0.054 0.054 0.058 0.054 0.058
0.081 0.106 0.083 0.054 0.058 0.054 0.057 0.054 0.057 0.059 0.058 0.054 0.054 0.058 0.054 0.058
0.081 0.106 0.083 0.054 0.058 0.054 0.057 0.054 0.057 0.059 0.058 0.054 0.054 0.058 0.054 0.058
0.081 0.106 0.083 0.054 0.058 0.054 0.057 0.054 0.057 0.059 0.058 0.054 0.054 0.058 0.054 0.058
0.081 0.106 0.083 0.054 0.058 0.054 0.057 0.054 0.057 0.059 0.058 0.054 0.054 0.058 0.054 0.058
0.081 0.106 0.083 0.054 0.058 0.054 0.057 0.054 0.057 0.059 0.058 0.054 0.054 0.058 0.054 0.058
0.081 0.106 0.083 0.054 0.058 0.054 0.057 0.054 0.057 0.059 0.058 0.054 0.054 0.058 0.054 0.058
0.081 0.106 0.083 0.054 0.058 0.054 0.057 0.054 0.057 0.059 0.058 0.054 0.054 0.058 0.054 0.058
0.081 0.106 0.083 0.054 0.058 0.054 0.057 0.054 0.057 0.059 0.058 0.054 0.054 0.058 0.054 0.058
0.081 0.106 0.083 0.054 0.058 0.054 0.057 0.054 0.057 0.059 0.058 0.054 0.054 0.058 0.054 0.058
0.081 0.106 0.083 0.054 0.058 0.054 0.057 0.054 0.057 0.059 0.058 0.054 0.054 0.058 0.054 0.058
0.081 0.106 0.083 0.054 0.058 0.054 0.057 0.054 0.057 0.059 0.058 0.054 0.054 0.058 0.054 0.058
0.081 0.106 0.083 0.054 0.058 0.054 0.057 0.054 0.057 0.059 0.058 0.054 0.054 0.058 0.054 0.058
0.081 0.106 0.083 0.054 0.058 0.054 0.057 0.054 0.057 0.059 0.058 0.054 0.054 0.058 0.054 0.058
0.081 0.106 0.083 0.054 0.058 0.054 0.057 0.054 0.057 0.059 0.058 0.054 0.054 0.058 0.054 0.058
0.081 0.106 0.083 0.054 0.058 0.054 0.057 0.054 0.057 0.059 0.058 0.054 0.054 0.058 0.054 0.058
0.081 0.106 0.083 0.054 0.058 0.054 0.057 0.054 0.057 0.059 0.058 0.054 0.054 0.058 0.054 0.058
0.081 0.106 0.083 0.054 0.058 0.054 0.057 0.054 0.057 0.059 0.058 0.054 0.054 0.058 0.054 0.058
0.081 0.106 0.083 0.054 0.058 0.054 0.057 0.054 0.057 0.059 0.058 0.054 0.054 0.058 0.054 0.058
0.081 0.106 0.083 0.054 0.058 0.054 0.057 0.054 0.057 0.059 0.058 0.054 0.054 0.058 0.054 0.058
0.081 0.106 0.083 0.054 0.058 0.054 0.057 0.054 0.057 0.059 0.058 0.054 0.054 0.058 0.054 0.058
0.081 0.106 0.083 0.054 0.058 0.054 0.057 0.054 0.057 0.059 0.058 0.054 0.054 0.058 0.054 0.058
0.081 0.106 0.083 0.054 0.058 0.054 0.057 0.054 0.057 0.059 0.058 0.054 0.054 0.058 0.054 0.058
0.081 0.106 0.083 0.054 0.058 0.054 0.057 0.054 0.057 0.059 0.058 0.054 0.054 0.058 0.054 0.058
0.081 0.106 0.083 0.054 0.058 0.054 0.057 0.054 0.057 0.059 0.058 0.054 0.054 0.058 0.054 0.058
0.081 0.106 0.083 0.054 0.058 0.054 0.057 0.054 0.057 0.059 0.058 0.054 0.054 0.058 0.054 0.058
0.081 0.106 0.083 0.054 0.058 0.054 0.057 0.054 0.057 0.059 0.058 0.054 0.054 0.058 0.054 0.058
0.081 0.106 0.083 0.054 0.058 0.054 0.057 0.054 0.057 0.059 0.058 0.054 0.054 0.058 0.054 0.058
0.081 0.106 0.083 0.054 0.058 0.054 0.057 0.054 0.057 0.059 0.058 0.054 0.054 0.058 0.054 0.058
0.081 0.106 0.083 0.054 0.058 0.054 0.057 0.054 0.057 0.059 0.058 0.054 0.054 0.058 0.054 0.058
0.081 0.106 0.083 0.054 0.058 0.054 0.057 0.054 0.057 0.059 0.058 0.054 0.054 0.058 0.054 0.058
0.081 0.106 0.083 0.054 0.058 0.054 0.057 0.054 0.057 0.059 0.058 0.054 0.054 0.058 0.054 0.058
0.081 0.106 0.083 0.054 0.058 0.054 0.057 0.054 0.057 0.059 0.058 0.054 0.054 0.058 0.054 0.058
0.081 0.106 0.083 0.054 0.058 0.054 0.057 0.054 0.057 0.059 0.058 0.054 0.054 0.058 0.054 0.058
